# train_accs, valid_accs, test_accs, dt_accs, fidelities, depths, nodes, robust_score
9.239256381988525391e-01 9.323409795761108398e-01 9.281842708587646484e-01 8.199999999999999512e-01 7.981029810298102545e-01 5.000000000000000000e+00 1.300000000000000000e+01 8.108108108108108558e-01
8.426248431205749512e-01 8.511502146720886230e-01 8.252032399177551270e-01 7.700000000000000178e-01 8.970189701897018919e-01 1.200000000000000000e+01 8.300000000000000000e+01 7.477477477477477708e-01
9.265388846397399902e-01 9.431664347648620605e-01 9.051490426063537598e-01 7.600000000000000089e-01 7.669376693766937203e-01 6.000000000000000000e+00 1.900000000000000000e+01 6.846846846846846857e-01
9.291521310806274414e-01 9.336941838264465332e-01 9.024389982223510742e-01 7.600000000000000089e-01 8.238482384823848648e-01 9.000000000000000000e+00 3.500000000000000000e+01 7.972972972972972583e-01
9.186992049217224121e-01 9.215155839920043945e-01 9.308943152427673340e-01 7.700000000000000178e-01 8.455284552845528934e-01 1.000000000000000000e+01 3.300000000000000000e+01 7.747747747747747438e-01
8.333333134651184082e-01 8.294993042945861816e-01 8.468834757804870605e-01 7.700000000000000178e-01 9.254742547425474086e-01 1.200000000000000000e+01 1.250000000000000000e+02 7.522522522522522292e-01
9.329268336296081543e-01 9.282814860343933105e-01 9.119241237640380859e-01 7.900000000000000355e-01 8.184281842818428299e-01 6.000000000000000000e+00 2.300000000000000000e+01 7.702702702702702853e-01
9.230545759201049805e-01 9.188091754913330078e-01 9.092140793800354004e-01 7.800000000000000266e-01 8.089430894308943243e-01 4.000000000000000000e+00 1.500000000000000000e+01 7.207207207207206867e-01
9.088269472122192383e-01 9.201623797416687012e-01 8.888888955116271973e-01 7.700000000000000178e-01 8.373983739837398410e-01 7.000000000000000000e+00 3.700000000000000000e+01 7.657657657657657158e-01
9.274100065231323242e-01 9.201623797416687012e-01 9.403793811798095703e-01 7.700000000000000178e-01 8.373983739837398410e-01 9.000000000000000000e+00 2.500000000000000000e+01 7.477477477477477708e-01
9.265388846397399902e-01 9.296346306800842285e-01 9.349593520164489746e-01 7.500000000000000000e-01 8.035230352303522894e-01 6.000000000000000000e+00 2.100000000000000000e+01 7.792792792792793133e-01
9.210220575332641602e-01 9.336941838264465332e-01 9.403793811798095703e-01 7.700000000000000178e-01 8.197831978319782831e-01 6.000000000000000000e+00 2.100000000000000000e+01 7.702702702702702853e-01
8.298490047454833984e-01 8.362652063369750977e-01 8.075881004333496094e-01 8.000000000000000444e-01 8.441734417344173291e-01 9.000000000000000000e+00 3.300000000000000000e+01 8.153153153153153143e-01
9.224738478660583496e-01 9.133964776992797852e-01 9.078590869903564453e-01 7.800000000000000266e-01 8.062330623306233068e-01 5.000000000000000000e+00 1.700000000000000000e+01 6.666666666666666297e-01
9.105691313743591309e-01 9.215155839920043945e-01 9.241192340850830078e-01 8.100000000000000533e-01 8.184281842818428299e-01 4.000000000000000000e+00 1.100000000000000000e+01 7.927927927927927998e-01
9.137630462646484375e-01 9.066305756568908691e-01 9.268292784690856934e-01 7.900000000000000355e-01 8.075880758807587601e-01 4.000000000000000000e+00 1.100000000000000000e+01 7.252252252252252562e-01
9.239256381988525391e-01 9.309878349304199219e-01 9.308943152427673340e-01 7.900000000000000355e-01 8.726287262872628459e-01 1.100000000000000000e+01 6.500000000000000000e+01 7.387387387387387427e-01
9.140534400939941406e-01 9.201623797416687012e-01 9.092140793800354004e-01 7.700000000000000178e-01 8.929539295392954212e-01 1.500000000000000000e+01 8.100000000000000000e+01 7.432432432432432012e-01
8.916956782341003418e-01 8.822733163833618164e-01 9.200541973114013672e-01 7.700000000000000178e-01 8.550135501355013989e-01 1.000000000000000000e+01 3.900000000000000000e+01 7.432432432432432012e-01
9.157955646514892578e-01 9.201623797416687012e-01 9.065040946006774902e-01 8.199999999999999512e-01 8.035230352303522894e-01 3.000000000000000000e+00 7.000000000000000000e+00 8.378378378378378288e-01
9.140534400939941406e-01 9.133964776992797852e-01 9.159891605377197266e-01 8.100000000000000533e-01 8.523035230352303815e-01 1.000000000000000000e+01 3.500000000000000000e+01 7.207207207207206867e-01
9.358304142951965332e-01 9.296346306800842285e-01 9.227642416954040527e-01 7.800000000000000266e-01 8.008130081300812719e-01 8.000000000000000000e+00 1.900000000000000000e+01 7.837837837837837718e-01
9.157955646514892578e-01 9.161028265953063965e-01 9.105691313743591309e-01 8.299999999999999600e-01 8.116531165311653417e-01 6.000000000000000000e+00 1.500000000000000000e+01 8.108108108108108558e-01
9.169570207595825195e-01 9.106901288032531738e-01 9.105691313743591309e-01 7.500000000000000000e-01 7.831978319783198250e-01 3.000000000000000000e+00 7.000000000000000000e+00 7.522522522522522292e-01
9.213124513626098633e-01 9.228687286376953125e-01 9.336043596267700195e-01 7.800000000000000266e-01 8.875338753387533863e-01 1.100000000000000000e+01 6.900000000000000000e+01 7.837837837837837718e-01
9.131823182106018066e-01 9.079837799072265625e-01 9.010840058326721191e-01 7.700000000000000178e-01 9.146341463414634498e-01 2.300000000000000000e+01 1.390000000000000000e+02 7.927927927927927998e-01
9.323461055755615234e-01 9.323409795761108398e-01 9.376693964004516602e-01 7.900000000000000355e-01 8.224932249322493005e-01 1.000000000000000000e+01 3.500000000000000000e+01 7.387387387387387427e-01
9.332171678543090820e-01 9.364005327224731445e-01 9.308943152427673340e-01 8.000000000000000444e-01 8.157181571815718124e-01 7.000000000000000000e+00 1.900000000000000000e+01 8.018018018018018278e-01
9.265388846397399902e-01 9.201623797416687012e-01 9.417344331741333008e-01 7.800000000000000266e-01 8.644986449864499045e-01 1.200000000000000000e+01 6.900000000000000000e+01 7.792792792792793133e-01
9.337978959083557129e-01 9.282814860343933105e-01 9.363143444061279297e-01 7.700000000000000178e-01 8.753387533875338633e-01 1.100000000000000000e+01 6.900000000000000000e+01 6.891891891891891442e-01
9.282810688018798828e-01 9.296346306800842285e-01 9.132791161537170410e-01 7.700000000000000178e-01 8.387533875338752942e-01 8.000000000000000000e+00 3.300000000000000000e+01 7.297297297297297147e-01
9.128919839859008789e-01 9.242219328880310059e-01 9.214091897010803223e-01 8.000000000000000444e-01 8.157181571815718124e-01 5.000000000000000000e+00 1.300000000000000000e+01 7.837837837837837718e-01
8.914053440093994141e-01 8.673883676528930664e-01 8.739837408065795898e-01 8.199999999999999512e-01 8.048780487804878536e-01 3.000000000000000000e+00 7.000000000000000000e+00 8.018018018018018278e-01
9.503484368324279785e-01 9.485791325569152832e-01 9.214091897010803223e-01 7.600000000000000089e-01 7.953929539295393480e-01 3.000000000000000000e+00 7.000000000000000000e+00 6.441441441441441151e-01
9.329268336296081543e-01 9.188091754913330078e-01 9.227642416954040527e-01 7.700000000000000178e-01 8.319783197831978061e-01 9.000000000000000000e+00 3.700000000000000000e+01 7.567567567567567988e-01
9.320557713508605957e-01 9.282814860343933105e-01 9.349593520164489746e-01 8.199999999999999512e-01 8.699186991869918284e-01 1.200000000000000000e+01 5.700000000000000000e+01 8.153153153153153143e-01
9.140534400939941406e-01 9.120432734489440918e-01 9.105691313743591309e-01 8.299999999999999600e-01 8.048780487804878536e-01 4.000000000000000000e+00 9.000000000000000000e+00 8.063063063063062863e-01
7.200928926467895508e-01 7.564275860786437988e-01 7.384823560714721680e-01 8.800000000000000044e-01 9.024390243902439268e-01 5.000000000000000000e+00 1.700000000000000000e+01 9.054054054054053724e-01
9.178280830383300781e-01 9.174560308456420898e-01 9.281842708587646484e-01 8.100000000000000533e-01 8.279132791327913354e-01 5.000000000000000000e+00 1.100000000000000000e+01 7.792792792792793133e-01
9.207317233085632324e-01 9.391068816184997559e-01 9.200541973114013672e-01 8.000000000000000444e-01 7.831978319783198250e-01 3.000000000000000000e+00 7.000000000000000000e+00 8.108108108108108558e-01
9.250870943069458008e-01 9.350473880767822266e-01 9.037940502166748047e-01 7.700000000000000178e-01 8.333333333333333703e-01 1.100000000000000000e+01 4.500000000000000000e+01 7.342342342342342842e-01
8.719512224197387695e-01 8.525033593177795410e-01 8.631436228752136230e-01 7.500000000000000000e-01 9.065040650406503975e-01 1.300000000000000000e+01 1.150000000000000000e+02 7.747747747747747438e-01
9.015679359436035156e-01 9.161028265953063965e-01 9.173441529273986816e-01 7.900000000000000355e-01 8.929539295392954212e-01 1.500000000000000000e+01 8.300000000000000000e+01 7.162162162162162282e-01
8.951800465583801270e-01 8.958051204681396484e-01 8.997290134429931641e-01 8.000000000000000444e-01 8.373983739837398410e-01 7.000000000000000000e+00 2.700000000000000000e+01 7.927927927927927998e-01
8.992450833320617676e-01 8.930987715721130371e-01 8.834688067436218262e-01 7.700000000000000178e-01 8.712737127371273926e-01 1.200000000000000000e+01 7.900000000000000000e+01 6.936936936936937137e-01
8.736934065818786621e-01 8.728010654449462891e-01 8.726287484169006348e-01 8.299999999999999600e-01 8.333333333333333703e-01 4.000000000000000000e+00 1.300000000000000000e+01 8.153153153153153143e-01
9.369918704032897949e-01 9.350473880767822266e-01 9.173441529273986816e-01 7.399999999999999911e-01 8.523035230352303815e-01 1.000000000000000000e+01 5.500000000000000000e+01 7.747747747747747438e-01
7.665505409240722656e-01 7.618403434753417969e-01 7.520325183868408203e-01 8.000000000000000444e-01 8.157181571815718124e-01 3.000000000000000000e+00 7.000000000000000000e+00 7.882882882882883413e-01
9.291521310806274414e-01 9.201623797416687012e-01 9.281842708587646484e-01 7.299999999999999822e-01 8.590785907859078696e-01 9.000000000000000000e+00 7.300000000000000000e+01 7.072072072072072002e-01
9.233449697494506836e-01 9.296346306800842285e-01 9.078590869903564453e-01 7.800000000000000266e-01 7.764227642276422259e-01 3.000000000000000000e+00 9.000000000000000000e+00 7.342342342342342842e-01
8.031358718872070312e-01 7.902570962905883789e-01 8.319783210754394531e-01 8.000000000000000444e-01 9.308943089430894435e-01 1.500000000000000000e+01 1.270000000000000000e+02 7.477477477477477708e-01
8.664343953132629395e-01 8.525033593177795410e-01 8.482384681701660156e-01 7.600000000000000089e-01 9.119241192411924324e-01 1.400000000000000000e+01 1.270000000000000000e+02 7.207207207207206867e-01
8.434959053993225098e-01 8.565629124641418457e-01 8.712736964225769043e-01 8.000000000000000444e-01 8.468834688346883466e-01 6.000000000000000000e+00 2.700000000000000000e+01 7.612612612612612573e-01
8.844367265701293945e-01 8.714479207992553711e-01 8.956639766693115234e-01 7.399999999999999911e-01 7.493224932249322734e-01 2.000000000000000000e+00 5.000000000000000000e+00 7.657657657657657158e-01
9.239256381988525391e-01 9.201623797416687012e-01 9.227642416954040527e-01 7.700000000000000178e-01 8.130081300813007950e-01 6.000000000000000000e+00 2.700000000000000000e+01 7.297297297297297147e-01
9.358304142951965332e-01 9.309878349304199219e-01 9.336043596267700195e-01 7.900000000000000355e-01 7.926829268292683306e-01 5.000000000000000000e+00 1.100000000000000000e+01 8.063063063063062863e-01
8.934378623962402344e-01 9.066305756568908691e-01 8.672086596488952637e-01 8.100000000000000533e-01 9.146341463414634498e-01 1.500000000000000000e+01 1.110000000000000000e+02 7.297297297297297147e-01
9.192799329757690430e-01 9.255750775337219238e-01 9.403793811798095703e-01 8.199999999999999512e-01 8.699186991869918284e-01 1.200000000000000000e+01 3.700000000000000000e+01 8.018018018018018278e-01
8.159117102622985840e-01 8.254398107528686523e-01 7.872628569602966309e-01 7.700000000000000178e-01 8.495934959349593640e-01 6.000000000000000000e+00 2.900000000000000000e+01 7.432432432432432012e-01
9.410569071769714355e-01 9.201623797416687012e-01 9.051490426063537598e-01 7.700000000000000178e-01 8.333333333333333703e-01 6.000000000000000000e+00 3.100000000000000000e+01 8.198198198198197728e-01
9.099884033203125000e-01 9.106901288032531738e-01 9.010840058326721191e-01 7.800000000000000266e-01 8.929539295392954212e-01 1.200000000000000000e+01 9.300000000000000000e+01 7.477477477477477708e-01
9.375725984573364258e-01 9.391068816184997559e-01 9.403793811798095703e-01 7.700000000000000178e-01 8.157181571815718124e-01 7.000000000000000000e+00 2.500000000000000000e+01 6.801801801801802272e-01
8.986643552780151367e-01 8.782138228416442871e-01 9.037940502166748047e-01 7.399999999999999911e-01 8.929539295392954212e-01 1.100000000000000000e+01 9.100000000000000000e+01 7.612612612612612573e-01
9.259582161903381348e-01 9.255750775337219238e-01 9.186992049217224121e-01 7.399999999999999911e-01 7.981029810298102545e-01 5.000000000000000000e+00 1.300000000000000000e+01 7.297297297297297147e-01
9.247967600822448730e-01 9.133964776992797852e-01 9.241192340850830078e-01 7.500000000000000000e-01 7.628726287262872496e-01 3.000000000000000000e+00 7.000000000000000000e+00 7.657657657657657158e-01
8.664343953132629395e-01 8.552097678184509277e-01 8.536585569381713867e-01 7.199999999999999734e-01 7.466124661246612559e-01 6.000000000000000000e+00 1.300000000000000000e+01 6.756756756756756577e-01
9.157955646514892578e-01 9.161028265953063965e-01 9.119241237640380859e-01 7.700000000000000178e-01 8.509485094850948173e-01 9.000000000000000000e+00 3.900000000000000000e+01 7.207207207207206867e-01
9.233449697494506836e-01 9.296346306800842285e-01 9.159891605377197266e-01 7.600000000000000089e-01 8.414634146341463117e-01 9.000000000000000000e+00 4.100000000000000000e+01 7.792792792792793133e-01
8.539488911628723145e-01 8.538565635681152344e-01 8.346883654594421387e-01 8.199999999999999512e-01 8.482384823848237998e-01 8.000000000000000000e+00 1.700000000000000000e+01 8.018018018018018278e-01
9.195702672004699707e-01 9.336941838264465332e-01 9.078590869903564453e-01 7.700000000000000178e-01 9.105691056910568681e-01 1.100000000000000000e+01 1.090000000000000000e+02 7.432432432432432012e-01
9.218931198120117188e-01 9.188091754913330078e-01 9.119241237640380859e-01 7.700000000000000178e-01 8.265582655826557712e-01 7.000000000000000000e+00 2.500000000000000000e+01 7.747747747747747438e-01
9.401858448982238770e-01 9.323409795761108398e-01 8.983739614486694336e-01 7.500000000000000000e-01 7.859078590785907314e-01 7.000000000000000000e+00 1.900000000000000000e+01 6.216216216216216006e-01
9.210220575332641602e-01 9.052774310111999512e-01 9.241192340850830078e-01 8.199999999999999512e-01 9.376693766937669317e-01 1.500000000000000000e+01 1.590000000000000000e+02 7.207207207207206867e-01
8.803716897964477539e-01 8.998646736145019531e-01 8.739837408065795898e-01 7.700000000000000178e-01 8.197831978319782831e-01 7.000000000000000000e+00 1.900000000000000000e+01 8.198198198198197728e-01
9.218931198120117188e-01 9.364005327224731445e-01 9.173441529273986816e-01 8.000000000000000444e-01 8.495934959349593640e-01 1.100000000000000000e+01 4.100000000000000000e+01 7.657657657657657158e-01
9.140534400939941406e-01 9.201623797416687012e-01 9.390243887901306152e-01 7.500000000000000000e-01 8.211382113821138473e-01 6.000000000000000000e+00 1.900000000000000000e+01 6.801801801801802272e-01
9.288617968559265137e-01 9.188091754913330078e-01 9.214091897010803223e-01 8.199999999999999512e-01 9.119241192411924324e-01 1.600000000000000000e+01 1.090000000000000000e+02 8.153153153153153143e-01
9.259582161903381348e-01 9.188091754913330078e-01 9.281842708587646484e-01 7.700000000000000178e-01 8.658536585365853577e-01 1.200000000000000000e+01 5.300000000000000000e+01 7.432432432432432012e-01
8.074913024902343750e-01 8.308525085449218750e-01 8.062330484390258789e-01 7.399999999999999911e-01 8.265582655826557712e-01 7.000000000000000000e+00 2.700000000000000000e+01 7.522522522522522292e-01
7.952961921691894531e-01 7.726657390594482422e-01 7.628726363182067871e-01 8.299999999999999600e-01 9.322493224932248967e-01 1.200000000000000000e+01 9.700000000000000000e+01 7.972972972972972583e-01
9.268292784690856934e-01 9.161028265953063965e-01 9.241192340850830078e-01 8.399999999999999689e-01 8.888888888888888395e-01 1.100000000000000000e+01 6.100000000000000000e+01 7.522522522522522292e-01
9.436701536178588867e-01 9.282814860343933105e-01 9.214091897010803223e-01 8.100000000000000533e-01 8.821138211382113514e-01 1.300000000000000000e+01 6.700000000000000000e+01 7.567567567567567988e-01
9.065040946006774902e-01 8.971583247184753418e-01 9.200541973114013672e-01 7.900000000000000355e-01 7.913279132791327664e-01 3.000000000000000000e+00 7.000000000000000000e+00 8.558558558558558849e-01
9.134727120399475098e-01 9.336941838264465332e-01 9.200541973114013672e-01 8.000000000000000444e-01 7.953929539295393480e-01 3.000000000000000000e+00 7.000000000000000000e+00 7.747747747747747438e-01
8.472706079483032227e-01 8.714479207992553711e-01 8.495935201644897461e-01 7.900000000000000355e-01 8.468834688346883466e-01 8.000000000000000000e+00 1.900000000000000000e+01 7.972972972972972583e-01
9.137630462646484375e-01 8.944519758224487305e-01 9.295393228530883789e-01 7.700000000000000178e-01 8.875338753387533863e-01 1.400000000000000000e+01 9.300000000000000000e+01 7.207207207207206867e-01
9.175377488136291504e-01 9.282814860343933105e-01 9.146341681480407715e-01 7.600000000000000089e-01 8.685636856368563752e-01 9.000000000000000000e+00 5.300000000000000000e+01 7.477477477477477708e-01
9.224738478660583496e-01 9.188091754913330078e-01 9.322493076324462891e-01 8.000000000000000444e-01 7.737127371273713194e-01 3.000000000000000000e+00 9.000000000000000000e+00 7.432432432432432012e-01
9.337978959083557129e-01 9.296346306800842285e-01 9.241192340850830078e-01 7.500000000000000000e-01 7.859078590785907314e-01 3.000000000000000000e+00 1.100000000000000000e+01 8.108108108108108558e-01
9.314750432968139648e-01 9.377537369728088379e-01 9.268292784690856934e-01 7.600000000000000089e-01 8.089430894308943243e-01 7.000000000000000000e+00 1.900000000000000000e+01 7.387387387387387427e-01
8.699187040328979492e-01 8.673883676528930664e-01 8.644986152648925781e-01 7.900000000000000355e-01 9.159891598915989031e-01 1.700000000000000000e+01 9.700000000000000000e+01 7.477477477477477708e-01
9.413472414016723633e-01 9.161028265953063965e-01 9.214091897010803223e-01 7.700000000000000178e-01 7.940379403794037838e-01 4.000000000000000000e+00 9.000000000000000000e+00 7.747747747747747438e-01
9.096980094909667969e-01 9.133964776992797852e-01 9.024389982223510742e-01 8.199999999999999512e-01 8.780487804878048808e-01 1.100000000000000000e+01 5.100000000000000000e+01 7.612612612612612573e-01
9.213124513626098633e-01 9.039242267608642578e-01 9.132791161537170410e-01 7.800000000000000266e-01 9.159891598915989031e-01 1.600000000000000000e+01 1.370000000000000000e+02 7.612612612612612573e-01
9.184088110923767090e-01 9.188091754913330078e-01 9.119241237640380859e-01 7.700000000000000178e-01 8.211382113821138473e-01 8.000000000000000000e+00 2.300000000000000000e+01 8.153153153153153143e-01
9.306039214134216309e-01 9.296346306800842285e-01 9.200541973114013672e-01 7.700000000000000178e-01 8.685636856368563752e-01 1.000000000000000000e+01 4.900000000000000000e+01 7.477477477477477708e-01
9.105691313743591309e-01 9.133964776992797852e-01 9.159891605377197266e-01 7.600000000000000089e-01 8.292682926829267887e-01 7.000000000000000000e+00 2.100000000000000000e+01 7.972972972972972583e-01
9.457026720046997070e-01 9.323409795761108398e-01 9.363143444061279297e-01 7.900000000000000355e-01 7.940379403794037838e-01 4.000000000000000000e+00 1.100000000000000000e+01 7.837837837837837718e-01
9.337978959083557129e-01 9.242219328880310059e-01 9.376693964004516602e-01 8.100000000000000533e-01 7.940379403794037838e-01 4.000000000000000000e+00 9.000000000000000000e+00 7.927927927927927998e-01
9.184088110923767090e-01 9.147496819496154785e-01 9.200541973114013672e-01 8.000000000000000444e-01 8.224932249322493005e-01 7.000000000000000000e+00 1.900000000000000000e+01 7.702702702702702853e-01
